4465.00
240.00
2636.00
-1227.00
3030.00
5740.00
-35.00
2389.00
1644.00
3810.00
3051.00
5065.00
-2018.00
-3666.00
5663.00
9881.00
4990.00
-1499.00
-2245.00
570.00
16691.00
-2186.00
6656.00
-2352.00
99.00
4518.00
7988.00
-3151.00
4048.00
6968.00
2327.00
568.00
2358.00
6880.00
2369.00
1828.00
-1375.00
-678.00
3148.00
-2244.00
2899.00
-471.00
2332.00
2851.00
-1540.00
-2144.00
-4686.00
5516.00
4626.00
10039.00
3362.00
6841.00
4464.00
5591.00
4532.00
151.00
2861.00
-1400.00
1862.00
1271.00
-3064.00
764.00
-1393.00
1744.00
-463.00
-513.00
5291.00
3555.00
-6018.00
2438.00
3441.00
-28.00
4314.00
3885.00
4569.00
1325.00
6912.00
5214.00
-2550.00
3925.00
6541.00
-541.00
3302.00
8344.00
111.00
10876.00
6670.00
4680.00
6801.00
12446.00
3189.00
3675.00
-305.00
10656.00
-4188.00
-788.00
934.00
-6597.00
-928.00
-246.00
4771.00
-625.00
-2615.00
7608.00
-1798.00
